-15.0
0.0
-0.2
-15.0
-3.18
-0.2
-0.74
-3.18
-0.2
-0.74
0.0
-0.2
-9.97
-3.18
-0.2
-5.86
-3.18
-0.2
-5.86
-17.06
-0.2
-9.97
-17.06
-0.2
1.01
0.0
-0.2
5.12
0.0
-0.2
5.12
-17.06
-0.2
1.01
-17.06
-0.2
5.12
0.0
-0.2
12.47
0.0
-0.2
9.08
-3.18
-0.2
5.12
-3.18
-0.2
9.08
-3.18
-0.2
12.47
0.0
-0.2
14.18
-5.16
-0.2
10.08
-5.53
-0.2
10.08
-5.53
-0.2
14.18
-5.16
-0.2
12.47
-10.01
-0.2
9.08
-7.86
-0.2
9.08
-7.86
-0.2
12.47
-10.01
-0.2
11.2
-10.01
-0.2
5.12
-7.86
-0.2
5.12
-7.86
-0.2
11.2
-10.01
-0.2
7.35
-11.04
-0.2
5.12
-11.04
-0.2
7.35
-11.04
-0.2
11.2
-10.01
-0.2
14.94
-17.06
-0.2
10.36
-17.06
-0.2
-15.0
0.0
1.8
-15.0
-3.18
1.8
-0.74
-3.18
1.8
-0.74
0.0
1.8
-9.97
-3.18
1.8
-5.86
-3.18
1.8
-5.86
-17.06
1.8
-9.97
-17.06
1.8
1.01
0.0
1.8
5.12
0.0
1.8
5.12
-17.06
1.8
1.01
-17.06
1.8
5.12
0.0
1.8
12.47
0.0
1.8
9.08
-3.18
1.8
5.12
-3.18
1.8
9.08
-3.18
1.8
12.47
0.0
1.8
14.18
-5.16
1.8
10.08
-5.53
1.8
10.08
-5.53
1.8
14.18
-5.16
1.8
12.47
-10.01
1.8
9.08
-7.86
1.8
9.08
-7.86
1.8
12.47
-10.01
1.8
11.2
-10.01
1.8
5.12
-7.86
1.8
5.12
-7.86
1.8
11.2
-10.01
1.8
7.35
-11.04
1.8
5.12
-11.04
1.8
7.35
-11.04
1.8
11.2
-10.01
1.8
14.94
-17.06
1.8
10.36
-17.06
1.8
-15.0
0.0
-0.2
-15.0
-3.18
-0.2
-15.0
-3.18
1.8
-15.0
0.0
1.8
-15.0
-3.18
-0.2
-0.74
-3.18
-0.2
-0.74
-3.18
1.8
-15.0
-3.18
1.8
-0.74
-3.18
-0.2
-0.74
0.0
-0.2
-0.74
0.0
1.8
-0.74
-3.18
1.8
-0.74
0.0
-0.2
-15.0
0.0
-0.2
-15.0
0.0
1.8
-0.74
0.0
1.8
-9.97
-3.18
-0.2
-5.86
-3.18
-0.2
-5.86
-3.18
1.8
-9.97
-3.18
1.8
-5.86
-3.18
-0.2
-5.86
-17.06
-0.2
-5.86
-17.06
1.8
-5.86
-3.18
1.8
-5.86
-17.06
-0.2
-9.97
-17.06
-0.2
-9.97
-17.06
1.8
-5.86
-17.06
1.8
-9.97
-17.06
-0.2
-9.97
-3.18
-0.2
-9.97
-3.18
1.8
-9.97
-17.06
1.8
1.01
0.0
-0.2
5.12
0.0
-0.2
5.12
0.0
1.8
1.01
0.0
1.8
5.12
0.0
-0.2
5.12
-17.06
-0.2
5.12
-17.06
1.8
5.12
0.0
1.8
5.12
-17.06
-0.2
1.01
-17.06
-0.2
1.01
-17.06
1.8
5.12
-17.06
1.8
1.01
-17.06
-0.2
1.01
0.0
-0.2
1.01
0.0
1.8
1.01
-17.06
1.8
5.12
0.0
-0.2
12.47
0.0
-0.2
12.47
0.0
1.8
5.12
0.0
1.8
12.47
0.0
-0.2
9.08
-3.18
-0.2
9.08
-3.18
1.8
12.47
0.0
1.8
9.08
-3.18
-0.2
5.12
-3.18
-0.2
5.12
-3.18
1.8
9.08
-3.18
1.8
5.12
-3.18
-0.2
5.12
0.0
-0.2
5.12
0.0
1.8
5.12
-3.18
1.8
9.08
-3.18
-0.2
12.47
0.0
-0.2
12.47
0.0
1.8
9.08
-3.18
1.8
12.47
0.0
-0.2
14.18
-5.16
-0.2
14.18
-5.16
1.8
12.47
0.0
1.8
14.18
-5.16
-0.2
10.08
-5.53
-0.2
10.08
-5.53
1.8
14.18
-5.16
1.8
10.08
-5.53
-0.2
9.08
-3.18
-0.2
9.08
-3.18
1.8
10.08
-5.53
1.8
10.08
-5.53
-0.2
14.18
-5.16
-0.2
14.18
-5.16
1.8
10.08
-5.53
1.8
14.18
-5.16
-0.2
12.47
-10.01
-0.2
12.47
-10.01
1.8
14.18
-5.16
1.8
12.47
-10.01
-0.2
9.08
-7.86
-0.2
9.08
-7.86
1.8
12.47
-10.01
1.8
9.08
-7.86
-0.2
10.08
-5.53
-0.2
10.08
-5.53
1.8
9.08
-7.86
1.8
9.08
-7.86
-0.2
12.47
-10.01
-0.2
12.47
-10.01
1.8
9.08
-7.86
1.8
12.47
-10.01
-0.2
11.2
-10.01
-0.2
11.2
-10.01
1.8
12.47
-10.01
1.8
11.2
-10.01
-0.2
5.12
-7.86
-0.2
5.12
-7.86
1.8
11.2
-10.01
1.8
5.12
-7.86
-0.2
9.08
-7.86
-0.2
9.08
-7.86
1.8
5.12
-7.86
1.8
5.12
-7.86
-0.2
11.2
-10.01
-0.2
11.2
-10.01
1.8
5.12
-7.86
1.8
11.2
-10.01
-0.2
7.35
-11.04
-0.2
7.35
-11.04
1.8
11.2
-10.01
1.8
7.35
-11.04
-0.2
5.12
-11.04
-0.2
5.12
-11.04
1.8
7.35
-11.04
1.8
5.12
-11.04
-0.2
5.12
-7.86
-0.2
5.12
-7.86
1.8
5.12
-11.04
1.8
7.35
-11.04
-0.2
11.2
-10.01
-0.2
11.2
-10.01
1.8
7.35
-11.04
1.8
11.2
-10.01
-0.2
14.94
-17.06
-0.2
14.94
-17.06
1.8
11.2
-10.01
1.8
14.94
-17.06
-0.2
10.36
-17.06
-0.2
10.36
-17.06
1.8
14.94
-17.06
1.8
10.36
-17.06
-0.2
7.35
-11.04
-0.2
7.35
-11.04
1.8
10.36
-17.06
1.8
